$ANSIBLE_VAULT;1.1;AES256
37613339616365356637383464626161303230333133386361623732333366373233373130363163
3961363831373437383230336439383063316137643037610a396531626639666633376330376537
39646631656264396330646637386236306335613933323463313934323263623031643536636332
6436373666633933390a663532373739366136653762356333613063333935313833396130363936
31656132333261663338356465663063623831326266626365666535623163653939656363653936
35313737646131333436623765653461666338353436346135343337313861376238396466366163
63323035643766616137633066366135656430613133336531346636613734383936343332633761
38623162316136393636653936343134666235353137383833656635343731393165356331306136
30643332386664653537323662646133353731643166623535306532336438633333303862316431
35366632343962356633326261653735616564393331353465333333656339323135336362616237
37336661383861613463306331363964646435663734653563373064643465376136356235343861
32396165623466396566616637316166353866396239386236663739616661636563383431363433
62376635323334386462383562346264323861313461343763613536323361333131366461376630
63633830653039363035623239643237383937653137626561636635326465626232646366343439
64313931346538643633393537336438613962336463333039303535356264333435336439383034
65323832363632363161386165393261663365643537656435343265396566623764376238366362
31653133633431636162343136663565613265363830383666663030383339623633356235346462
34366538303137643935613132623866323465316333313865373931656130643235366163666634
37643533306637633162383432643832646338346464636164343538333062633836353436323464
37666661346339316462323565663038363738623435633832343138383263666662646264366134
39613535343936633833653164313766306335323763613632336433656564636430656532346338
33633035383861656138396135306166323130643461633364346262663866363234393964653036
38366261376561656131396133636431393937373933646538663634336363353930336362393033
30333966623132323938
